6
-1 19 108 53 32 70
19 -1 94 59 14 56
108 94 -1 133 84 49
53 59 133 -1 68 95
32 14 84 68 -1 47
70 56 49 95 47 -1
